                     0  0.000000000000000000000000000000000E+0000
                     1  1.000000000000000000000000000000146E-0003
                     2  2.000000000000000000000000000000293E-0003
                     3  3.000000000000000000000000000000440E-0003
                     4  4.000000000000000000000000000000585E-0003
                     5  5.000000000000000000000000000000733E-0003
                     6  6.000000000000000000000000000000881E-0003
                     7  7.000000000000000000000000000001046E-0003
                     8  8.000000000000000000000000000001170E-0003
                     9  9.000000000000000000000000000001344E-0003
                    10  1.000000000000000000000000000000147E-0002
                    11  1.100000000000000000000000000000163E-0002
                    12  1.200000000000000000000000000000176E-0002
                    13  1.300000000000000000000000000000193E-0002
                    14  1.400000000000000000000000000000209E-0002
                    15  1.500000000000000000000000000000220E-0002
                    16  1.600000000000000000000000000000232E-0002
                    17  1.700000000000000000000000000000251E-0002
                    18  1.800000000000000000000000000000267E-0002
                    19  1.900000000000000000000000000000277E-0002
                    20  2.000000000000000000000000000000287E-0002
                    21  2.100000000000000000000000000000305E-0002
                    22  2.200000000000000000000000000000323E-0002
                    23  2.300000000000000000000000000000336E-0002
                    24  2.400000000000000000000000000000348E-0002
                    25  2.500000000000000000000000000000368E-0002
                    26  2.600000000000000000000000000000385E-0002
                    27  2.700000000000000000000000000000391E-0002
                    28  2.800000000000000000000000000000410E-0002
                    29  2.900000000000000000000000000000419E-0002
                    30  3.000000000000000000000000000000434E-0002
                    31  3.100000000000000000000000000000449E-0002
                    32  3.200000000000000000000000000000460E-0002
                    33  3.300000000000000000000000000000478E-0002
                    34  3.400000000000000000000000000000495E-0002
                    35  3.500000000000000000000000000000511E-0002
                    36  3.600000000000000000000000000000528E-0002
                    37  3.700000000000000000000000000000531E-0002
                    38  3.800000000000000000000000000000553E-0002
                    39  3.900000000000000000000000000000562E-0002
                    40  4.000000000000000000000000000000574E-0002
                    41  4.100000000000000000000000000000592E-0002
                    42  4.200000000000000000000000000000607E-0002
                    43  4.300000000000000000000000000000619E-0002
                    44  4.400000000000000000000000000000644E-0002
                    45  4.500000000000000000000000000000652E-0002
                    46  4.600000000000000000000000000000668E-0002
                    47  4.700000000000000000000000000000695E-0002
                    48  4.800000000000000000000000000000695E-0002
                    49  4.900000000000000000000000000000703E-0002
                    50  5.000000000000000000000000000000731E-0002
                    51  5.100000000000000000000000000000729E-0002
                    52  5.200000000000000000000000000000769E-0002
                    53  5.300000000000000000000000000000769E-0002
                    54  5.400000000000000000000000000000782E-0002
                    55  5.500000000000000000000000000000802E-0002
                    56  5.600000000000000000000000000000822E-0002
                    57  5.700000000000000000000000000000829E-0002
                    58  5.800000000000000000000000000000842E-0002
                    59  5.900000000000000000000000000000858E-0002
                    60  6.000000000000000000000000000000869E-0002
                    61  6.100000000000000000000000000000891E-0002
                    62  6.200000000000000000000000000000910E-0002
                    63  6.300000000000000000000000000000905E-0002
                    64  6.400000000000000000000000000000928E-0002
                    65  6.500000000000000000000000000000940E-0002
                    66  6.600000000000000000000000000000965E-0002
                    67  6.700000000000000000000000000000991E-0002
                    68  6.800000000000000000000000000001005E-0002
                    69  6.900000000000000000000000000001020E-0002
                    70  7.000000000000000000000000000001032E-0002
                    71  7.100000000000000000000000000001060E-0002
                    72  7.200000000000000000000000000001075E-0002
                    73  7.300000000000000000000000000001076E-0002
                    74  7.400000000000000000000000000001089E-0002
                    75  7.500000000000000000000000000001114E-0002
                    76  7.600000000000000000000000000001122E-0002
                    77  7.700000000000000000000000000001141E-0002
                    78  7.800000000000000000000000000001151E-0002
                    79  7.900000000000000000000000000001161E-0002
                    80  8.000000000000000000000000000001193E-0002
                    81  8.100000000000000000000000000001233E-0002
                    82  8.200000000000000000000000000001219E-0002
                    83  8.300000000000000000000000000001233E-0002
                    84  8.400000000000000000000000000001254E-0002
                    85  8.500000000000000000000000000001280E-0002
                    86  8.600000000000000000000000000001289E-0002
                    87  8.700000000000000000000000000001288E-0002
                    88  8.800000000000000000000000000001324E-0002
                    89  8.900000000000000000000000000001335E-0002
                    90  9.000000000000000000000000000001342E-0002
                    91  9.100000000000000000000000000001358E-0002
                    92  9.200000000000000000000000000001371E-0002
                    93  9.300000000000000000000000000001372E-0002
                    94  9.400000000000000000000000000001416E-0002
                    95  9.500000000000000000000000000001414E-0002
                    96  9.600000000000000000000000000001433E-0002
                    97  9.700000000000000000000000000001471E-0002
                    98  9.800000000000000000000000000001458E-0002
                    99  9.900000000000000000000000000001472E-0002
                   100  0.100000000000000000000000000000015      
                   101  0.101000000000000000000000000000015      
                   102  0.102000000000000000000000000000015      
                   103  0.103000000000000000000000000000015      
                   104  0.104000000000000000000000000000016      
                   105  0.105000000000000000000000000000016      
                   106  0.106000000000000000000000000000016      
                   107  0.107000000000000000000000000000016      
                   108  0.108000000000000000000000000000016      
                   109  0.109000000000000000000000000000017      
                   110  0.110000000000000000000000000000017      
                   111  0.111000000000000000000000000000017      
                   112  0.112000000000000000000000000000017      
                   113  0.113000000000000000000000000000017      
                   114  0.114000000000000000000000000000017      
                   115  0.115000000000000000000000000000017      
                   116  0.116000000000000000000000000000017      
                   117  0.117000000000000000000000000000018      
                   118  0.118000000000000000000000000000018      
                   119  0.119000000000000000000000000000018      
                   120  0.120000000000000000000000000000018      
                   121  0.121000000000000000000000000000018      
                   122  0.122000000000000000000000000000019      
                   123  0.123000000000000000000000000000019      
                   124  0.124000000000000000000000000000019      
                   125  0.125000000000000000000000000000019      
                   126  0.126000000000000000000000000000019      
                   127  0.127000000000000000000000000000020      
                   128  0.128000000000000000000000000000020      
                   129  0.129000000000000000000000000000020      
                   130  0.130000000000000000000000000000020      
                   131  0.131000000000000000000000000000020      
                   132  0.132000000000000000000000000000020      
                   133  0.133000000000000000000000000000020      
                   134  0.134000000000000000000000000000021      
                   135  0.135000000000000000000000000000021      
                   136  0.136000000000000000000000000000021      
                   137  0.137000000000000000000000000000021      
                   138  0.138000000000000000000000000000022      
                   139  0.139000000000000000000000000000021      
                   140  0.140000000000000000000000000000022      
                   141  0.141000000000000000000000000000022      
                   142  0.142000000000000000000000000000022      
                   143  0.143000000000000000000000000000022      
                   144  0.144000000000000000000000000000022      
                   145  0.145000000000000000000000000000022      
                   146  0.146000000000000000000000000000023      
                   147  0.147000000000000000000000000000023      
                   148  0.148000000000000000000000000000023      
                   149  0.149000000000000000000000000000023      
                   150  0.150000000000000000000000000000023      
                   151  0.151000000000000000000000000000023      
                   152  0.152000000000000000000000000000023      
                   153  0.153000000000000000000000000000023      
                   154  0.154000000000000000000000000000024      
                   155  0.155000000000000000000000000000024      
                   156  0.156000000000000000000000000000024      
                   157  0.157000000000000000000000000000024      
                   158  0.158000000000000000000000000000024      
                   159  0.159000000000000000000000000000024      
                   160  0.160000000000000000000000000000024      
                   161  0.161000000000000000000000000000025      
                   162  0.162000000000000000000000000000025      
                   163  0.163000000000000000000000000000025      
                   164  0.164000000000000000000000000000025      
                   165  0.165000000000000000000000000000026      
                   166  0.166000000000000000000000000000025      
                   167  0.167000000000000000000000000000026      
                   168  0.168000000000000000000000000000025      
                   169  0.169000000000000000000000000000026      
                   170  0.170000000000000000000000000000026      
                   171  0.171000000000000000000000000000027      
                   172  0.172000000000000000000000000000027      
                   173  0.173000000000000000000000000000027      
                   174  0.174000000000000000000000000000027      
                   175  0.175000000000000000000000000000027      
                   176  0.176000000000000000000000000000028      
                   177  0.177000000000000000000000000000027      
                   178  0.178000000000000000000000000000028      
                   179  0.179000000000000000000000000000028      
                   180  0.180000000000000000000000000000028      
                   181  0.181000000000000000000000000000028      
                   182  0.182000000000000000000000000000029      
                   183  0.183000000000000000000000000000029      
                   184  0.184000000000000000000000000000029      
                   185  0.185000000000000000000000000000029      
                   186  0.186000000000000000000000000000029      
                   187  0.187000000000000000000000000000029      
                   188  0.188000000000000000000000000000030      
                   189  0.189000000000000000000000000000030      
                   190  0.190000000000000000000000000000030      
                   191  0.191000000000000000000000000000031      
                   192  0.192000000000000000000000000000031      
                   193  0.193000000000000000000000000000031      
                   194  0.194000000000000000000000000000031      
                   195  0.195000000000000000000000000000031      
                   196  0.196000000000000000000000000000032      
                   197  0.197000000000000000000000000000032      
                   198  0.198000000000000000000000000000032      
                   199  0.199000000000000000000000000000032      
                   200  0.200000000000000000000000000000032      
                   201  0.201000000000000000000000000000032      
                   202  0.202000000000000000000000000000033      
                   203  0.203000000000000000000000000000033      
                   204  0.204000000000000000000000000000033      
                   205  0.205000000000000000000000000000033      
                   206  0.206000000000000000000000000000033      
                   207  0.207000000000000000000000000000033      
                   208  0.208000000000000000000000000000034      
                   209  0.209000000000000000000000000000034      
                   210  0.210000000000000000000000000000034      
                   211  0.211000000000000000000000000000034      
                   212  0.212000000000000000000000000000034      
                   213  0.213000000000000000000000000000035      
                   214  0.214000000000000000000000000000035      
                   215  0.215000000000000000000000000000035      
                   216  0.216000000000000000000000000000035      
                   217  0.217000000000000000000000000000035      
                   218  0.218000000000000000000000000000035      
                   219  0.219000000000000000000000000000035      
                   220  0.220000000000000000000000000000036      
                   221  0.221000000000000000000000000000036      
                   222  0.222000000000000000000000000000036      
                   223  0.223000000000000000000000000000037      
                   224  0.224000000000000000000000000000036      
                   225  0.225000000000000000000000000000037      
                   226  0.226000000000000000000000000000037      
                   227  0.227000000000000000000000000000037      
                   228  0.228000000000000000000000000000036      
                   229  0.229000000000000000000000000000036      
                   230  0.230000000000000000000000000000037      
                   231  0.231000000000000000000000000000037      
                   232  0.232000000000000000000000000000037      
                   233  0.233000000000000000000000000000038      
                   234  0.234000000000000000000000000000037      
                   235  0.235000000000000000000000000000038      
                   236  0.236000000000000000000000000000038      
                   237  0.237000000000000000000000000000038      
                   238  0.238000000000000000000000000000039      
                   239  0.239000000000000000000000000000038      
                   240  0.240000000000000000000000000000038      
                   241  0.241000000000000000000000000000039      
                   242  0.242000000000000000000000000000039      
                   243  0.243000000000000000000000000000039      
                   244  0.244000000000000000000000000000039      
                   245  0.245000000000000000000000000000039      
                   246  0.246000000000000000000000000000038      
                   247  0.247000000000000000000000000000039      
                   248  0.248000000000000000000000000000039      
                   249  0.249000000000000000000000000000040      
                   250  0.250000000000000000000000000000040      
                   251  0.251000000000000000000000000000040      
                   252  0.252000000000000000000000000000039      
                   253  0.253000000000000000000000000000040      
                   254  0.254000000000000000000000000000040      
                   255  0.255000000000000000000000000000040      
                   256  0.256000000000000000000000000000040      
                   257  0.257000000000000000000000000000040      
                   258  0.258000000000000000000000000000040      
                   259  0.259000000000000000000000000000040      
                   260  0.260000000000000000000000000000040      
                   261  0.261000000000000000000000000000040      
                   262  0.262000000000000000000000000000040      
                   263  0.263000000000000000000000000000040      
                   264  0.264000000000000000000000000000041      
                   265  0.265000000000000000000000000000041      
                   266  0.266000000000000000000000000000041      
                   267  0.267000000000000000000000000000040      
                   268  0.268000000000000000000000000000041      
                   269  0.269000000000000000000000000000041      
                   270  0.270000000000000000000000000000041      
                   271  0.271000000000000000000000000000041      
                   272  0.272000000000000000000000000000041      
                   273  0.273000000000000000000000000000042      
                   274  0.274000000000000000000000000000041      
                   275  0.275000000000000000000000000000042      
                   276  0.276000000000000000000000000000042      
                   277  0.277000000000000000000000000000042      
                   278  0.278000000000000000000000000000042      
                   279  0.279000000000000000000000000000042      
                   280  0.280000000000000000000000000000042      
                   281  0.281000000000000000000000000000043      
                   282  0.282000000000000000000000000000043      
                   283  0.283000000000000000000000000000043      
                   284  0.284000000000000000000000000000044      
                   285  0.285000000000000000000000000000043      
                   286  0.286000000000000000000000000000043      
                   287  0.287000000000000000000000000000043      
                   288  0.288000000000000000000000000000044      
                   289  0.289000000000000000000000000000043      
                   290  0.290000000000000000000000000000044      
                   291  0.291000000000000000000000000000044      
                   292  0.292000000000000000000000000000044      
                   293  0.293000000000000000000000000000044      
                   294  0.294000000000000000000000000000045      
                   295  0.295000000000000000000000000000045      
                   296  0.296000000000000000000000000000044      
                   297  0.297000000000000000000000000000045      
                   298  0.298000000000000000000000000000044      
                   299  0.299000000000000000000000000000044      
                   300  0.300000000000000000000000000000044      
                   301  0.301000000000000000000000000000044      
                   302  0.302000000000000000000000000000044      
                   303  0.303000000000000000000000000000044      
                   304  0.304000000000000000000000000000044      
                   305  0.305000000000000000000000000000045      
                   306  0.306000000000000000000000000000044      
                   307  0.307000000000000000000000000000045      
                   308  0.308000000000000000000000000000045      
                   309  0.309000000000000000000000000000045      
                   310  0.310000000000000000000000000000045      
                   311  0.311000000000000000000000000000045      
                   312  0.312000000000000000000000000000045      
                   313  0.313000000000000000000000000000045      
                   314  0.314000000000000000000000000000046      
                   315  0.315000000000000000000000000000045      
                   316  0.316000000000000000000000000000045      
                   317  0.317000000000000000000000000000046      
                   318  0.318000000000000000000000000000046      
                   319  0.319000000000000000000000000000046      
                   320  0.320000000000000000000000000000046      
                   321  0.321000000000000000000000000000046      
                   322  0.322000000000000000000000000000046      
                   323  0.323000000000000000000000000000046      
                   324  0.324000000000000000000000000000047      
                   325  0.325000000000000000000000000000047      
                   326  0.326000000000000000000000000000046      
                   327  0.327000000000000000000000000000047      
                   328  0.328000000000000000000000000000047      
                   329  0.329000000000000000000000000000047      
                   330  0.330000000000000000000000000000048      
                   331  0.331000000000000000000000000000048      
                   332  0.332000000000000000000000000000047      
                   333  0.333000000000000000000000000000047      
                   334  0.334000000000000000000000000000048      
                   335  0.335000000000000000000000000000048      
                   336  0.336000000000000000000000000000048      
                   337  0.337000000000000000000000000000049      
                   338  0.338000000000000000000000000000049      
                   339  0.339000000000000000000000000000048      
                   340  0.340000000000000000000000000000049      
                   341  0.341000000000000000000000000000049      
                   342  0.342000000000000000000000000000049      
                   343  0.343000000000000000000000000000049      
                   344  0.344000000000000000000000000000049      
                   345  0.345000000000000000000000000000050      
                   346  0.346000000000000000000000000000050      
                   347  0.347000000000000000000000000000050      
                   348  0.348000000000000000000000000000049      
                   349  0.349000000000000000000000000000050      
                   350  0.350000000000000000000000000000050      
                   351  0.351000000000000000000000000000050      
                   352  0.352000000000000000000000000000050      
                   353  0.353000000000000000000000000000050      
                   354  0.354000000000000000000000000000050      
                   355  0.355000000000000000000000000000051      
                   356  0.356000000000000000000000000000050      
                   357  0.357000000000000000000000000000051      
                   358  0.358000000000000000000000000000051      
                   359  0.359000000000000000000000000000051      
                   360  0.360000000000000000000000000000051      
                   361  0.361000000000000000000000000000051      
                   362  0.362000000000000000000000000000051      
                   363  0.363000000000000000000000000000051      
                   364  0.364000000000000000000000000000051      
                   365  0.365000000000000000000000000000051      
                   366  0.366000000000000000000000000000052      
                   367  0.367000000000000000000000000000052      
                   368  0.368000000000000000000000000000052      
                   369  0.369000000000000000000000000000053      
                   370  0.370000000000000000000000000000052      
                   371  0.371000000000000000000000000000053      
                   372  0.372000000000000000000000000000052      
                   373  0.373000000000000000000000000000053      
                   374  0.374000000000000000000000000000053      
                   375  0.375000000000000000000000000000054      
                   376  0.376000000000000000000000000000054      
                   377  0.377000000000000000000000000000054      
                   378  0.378000000000000000000000000000054      
                   379  0.379000000000000000000000000000054      
                   380  0.380000000000000000000000000000054      
                   381  0.381000000000000000000000000000055      
                   382  0.382000000000000000000000000000054      
                   383  0.383000000000000000000000000000054      
                   384  0.384000000000000000000000000000055      
                   385  0.385000000000000000000000000000055      
                   386  0.386000000000000000000000000000055      
                   387  0.387000000000000000000000000000055      
                   388  0.388000000000000000000000000000055      
                   389  0.389000000000000000000000000000055      
                   390  0.390000000000000000000000000000054      
                   391  0.391000000000000000000000000000055      
                   392  0.392000000000000000000000000000056      
                   393  0.393000000000000000000000000000056      
                   394  0.394000000000000000000000000000056      
                   395  0.395000000000000000000000000000056      
                   396  0.396000000000000000000000000000056      
                   397  0.397000000000000000000000000000057      
                   398  0.398000000000000000000000000000057      
                   399  0.399000000000000000000000000000057      
                   400  0.400000000000000000000000000000057      
                   401  0.401000000000000000000000000000057      
                   402  0.402000000000000000000000000000058      
                   403  0.403000000000000000000000000000057      
                   404  0.404000000000000000000000000000058      
                   405  0.405000000000000000000000000000058      
                   406  0.406000000000000000000000000000058      
                   407  0.407000000000000000000000000000058      
                   408  0.408000000000000000000000000000058      
                   409  0.409000000000000000000000000000059      
                   410  0.410000000000000000000000000000059      
                   411  0.411000000000000000000000000000059      
                   412  0.412000000000000000000000000000059      
                   413  0.413000000000000000000000000000059      
                   414  0.414000000000000000000000000000060      
                   415  0.415000000000000000000000000000060      
                   416  0.416000000000000000000000000000060      
                   417  0.417000000000000000000000000000059      
                   418  0.418000000000000000000000000000060      
                   419  0.419000000000000000000000000000060      
                   420  0.420000000000000000000000000000061      
                   421  0.421000000000000000000000000000061      
                   422  0.422000000000000000000000000000061      
                   423  0.423000000000000000000000000000061      
                   424  0.424000000000000000000000000000061      
                   425  0.425000000000000000000000000000061      
                   426  0.426000000000000000000000000000061      
                   427  0.427000000000000000000000000000061      
                   428  0.428000000000000000000000000000062      
                   429  0.429000000000000000000000000000061      
                   430  0.430000000000000000000000000000062      
                   431  0.431000000000000000000000000000061      
                   432  0.432000000000000000000000000000062      
                   433  0.433000000000000000000000000000062      
                   434  0.434000000000000000000000000000062      
                   435  0.435000000000000000000000000000062      
                   436  0.436000000000000000000000000000062      
                   437  0.437000000000000000000000000000063      
                   438  0.438000000000000000000000000000063      
                   439  0.439000000000000000000000000000063      
                   440  0.440000000000000000000000000000062      
                   441  0.441000000000000000000000000000063      
                   442  0.442000000000000000000000000000064      
                   443  0.443000000000000000000000000000064      
                   444  0.444000000000000000000000000000064      
                   445  0.445000000000000000000000000000065      
                   446  0.446000000000000000000000000000064      
                   447  0.447000000000000000000000000000064      
                   448  0.448000000000000000000000000000065      
                   449  0.449000000000000000000000000000065      
                   450  0.450000000000000000000000000000065      
                   451  0.451000000000000000000000000000066      
                   452  0.452000000000000000000000000000066      
                   453  0.453000000000000000000000000000066      
                   454  0.454000000000000000000000000000067      
                   455  0.455000000000000000000000000000067      
                   456  0.456000000000000000000000000000067      
                   457  0.457000000000000000000000000000068      
                   458  0.458000000000000000000000000000068      
                   459  0.459000000000000000000000000000068      
                   460  0.460000000000000000000000000000067      
                   461  0.461000000000000000000000000000069      
                   462  0.462000000000000000000000000000069      
                   463  0.463000000000000000000000000000069      
                   464  0.464000000000000000000000000000069      
                   465  0.465000000000000000000000000000070      
                   466  0.466000000000000000000000000000070      
                   467  0.467000000000000000000000000000071      
                   468  0.468000000000000000000000000000071      
                   469  0.469000000000000000000000000000071      
                   470  0.470000000000000000000000000000072      
                   471  0.471000000000000000000000000000071      
                   472  0.472000000000000000000000000000071      
                   473  0.473000000000000000000000000000072      
                   474  0.474000000000000000000000000000073      
                   475  0.475000000000000000000000000000072      
                   476  0.476000000000000000000000000000073      
                   477  0.477000000000000000000000000000073      
                   478  0.478000000000000000000000000000074      
                   479  0.479000000000000000000000000000073      
                   480  0.480000000000000000000000000000073      
                   481  0.481000000000000000000000000000074      
                   482  0.482000000000000000000000000000075      
                   483  0.483000000000000000000000000000074      
                   484  0.484000000000000000000000000000075      
                   485  0.485000000000000000000000000000075      
                   486  0.486000000000000000000000000000075      
                   487  0.487000000000000000000000000000075      
                   488  0.488000000000000000000000000000076      
                   489  0.489000000000000000000000000000075      
                   490  0.490000000000000000000000000000076      
                   491  0.491000000000000000000000000000076      
                   492  0.492000000000000000000000000000076      
                   493  0.493000000000000000000000000000076      
                   494  0.494000000000000000000000000000077      
                   495  0.495000000000000000000000000000077      
                   496  0.496000000000000000000000000000077      
                   497  0.497000000000000000000000000000077      
                   498  0.498000000000000000000000000000078      
                   499  0.499000000000000000000000000000077      
                   500  0.500000000000000000000000000000078      
                   501  0.501000000000000000000000000000077      
                   502  0.502000000000000000000000000000079      
                   503  0.503000000000000000000000000000078      
                   504  0.504000000000000000000000000000077      
                   505  0.505000000000000000000000000000078      
                   506  0.506000000000000000000000000000078      
                   507  0.507000000000000000000000000000078      
                   508  0.508000000000000000000000000000079      
                   509  0.509000000000000000000000000000078      
                   510  0.510000000000000000000000000000078      
                   511  0.511000000000000000000000000000078      
                   512  0.512000000000000000000000000000079      
                   513  0.513000000000000000000000000000079      
                   514  0.514000000000000000000000000000079      
                   515  0.515000000000000000000000000000080      
                   516  0.516000000000000000000000000000079      
                   517  0.517000000000000000000000000000079      
                   518  0.518000000000000000000000000000079      
                   519  0.519000000000000000000000000000079      
                   520  0.520000000000000000000000000000079      
                   521  0.521000000000000000000000000000079      
                   522  0.522000000000000000000000000000079      
                   523  0.523000000000000000000000000000079      
                   524  0.524000000000000000000000000000080      
                   525  0.525000000000000000000000000000079      
                   526  0.526000000000000000000000000000079      
                   527  0.527000000000000000000000000000080      
                   528  0.528000000000000000000000000000079      
                   529  0.529000000000000000000000000000080      
                   530  0.530000000000000000000000000000079      
                   531  0.531000000000000000000000000000080      
                   532  0.532000000000000000000000000000079      
                   533  0.533000000000000000000000000000079      
                   534  0.534000000000000000000000000000078      
                   535  0.535000000000000000000000000000079      
                   536  0.536000000000000000000000000000080      
                   537  0.537000000000000000000000000000079      
                   538  0.538000000000000000000000000000080      
                   539  0.539000000000000000000000000000079      
                   540  0.540000000000000000000000000000080      
                   541  0.541000000000000000000000000000080      
                   542  0.542000000000000000000000000000079      
                   543  0.543000000000000000000000000000080      
                   544  0.544000000000000000000000000000079      
                   545  0.545000000000000000000000000000080      
                   546  0.546000000000000000000000000000080      
                   547  0.547000000000000000000000000000080      
                   548  0.548000000000000000000000000000079      
                   549  0.549000000000000000000000000000080      
                   550  0.550000000000000000000000000000080      
                   551  0.551000000000000000000000000000080      
                   552  0.552000000000000000000000000000081      
                   553  0.553000000000000000000000000000080      
                   554  0.554000000000000000000000000000080      
                   555  0.555000000000000000000000000000081      
                   556  0.556000000000000000000000000000081      
                   557  0.557000000000000000000000000000081      
                   558  0.558000000000000000000000000000080      
                   559  0.559000000000000000000000000000082      
                   560  0.560000000000000000000000000000082      
                   561  0.561000000000000000000000000000081      
                   562  0.562000000000000000000000000000082      
                   563  0.563000000000000000000000000000081      
                   564  0.564000000000000000000000000000082      
                   565  0.565000000000000000000000000000082      
                   566  0.566000000000000000000000000000083      
                   567  0.567000000000000000000000000000084      
                   568  0.568000000000000000000000000000083      
                   569  0.569000000000000000000000000000084      
                   570  0.570000000000000000000000000000084      
                   571  0.571000000000000000000000000000084      
                   572  0.572000000000000000000000000000085      
                   573  0.573000000000000000000000000000085      
                   574  0.574000000000000000000000000000085      
                   575  0.575000000000000000000000000000085      
                   576  0.576000000000000000000000000000086      
                   577  0.577000000000000000000000000000086      
                   578  0.578000000000000000000000000000086      
                   579  0.579000000000000000000000000000086      
                   580  0.580000000000000000000000000000087      
                   581  0.581000000000000000000000000000086      
                   582  0.582000000000000000000000000000088      
                   583  0.583000000000000000000000000000088      
                   584  0.584000000000000000000000000000088      
                   585  0.585000000000000000000000000000088      
                   586  0.586000000000000000000000000000088      
                   587  0.587000000000000000000000000000088      
                   588  0.588000000000000000000000000000089      
                   589  0.589000000000000000000000000000088      
                   590  0.590000000000000000000000000000089      
                   591  0.591000000000000000000000000000089      
                   592  0.592000000000000000000000000000088      
                   593  0.593000000000000000000000000000088      
                   594  0.594000000000000000000000000000090      
                   595  0.595000000000000000000000000000090      
                   596  0.596000000000000000000000000000090      
                   597  0.597000000000000000000000000000090      
                   598  0.598000000000000000000000000000090      
                   599  0.599000000000000000000000000000090      
                   600  0.600000000000000000000000000000090      
                   601  0.601000000000000000000000000000090      
                   602  0.602000000000000000000000000000091      
                   603  0.603000000000000000000000000000090      
                   604  0.604000000000000000000000000000090      
                   605  0.605000000000000000000000000000090      
                   606  0.606000000000000000000000000000091      
                   607  0.607000000000000000000000000000090      
                   608  0.608000000000000000000000000000090      
                   609  0.609000000000000000000000000000091      
                   610  0.610000000000000000000000000000091      
                   611  0.611000000000000000000000000000091      
                   612  0.612000000000000000000000000000090      
                   613  0.613000000000000000000000000000090      
                   614  0.614000000000000000000000000000091      
                   615  0.615000000000000000000000000000091      
                   616  0.616000000000000000000000000000091      
                   617  0.617000000000000000000000000000092      
                   618  0.618000000000000000000000000000091      
                   619  0.619000000000000000000000000000091      
                   620  0.620000000000000000000000000000092      
                   621  0.621000000000000000000000000000091      
                   622  0.622000000000000000000000000000092      
                   623  0.623000000000000000000000000000092      
                   624  0.624000000000000000000000000000092      
                   625  0.625000000000000000000000000000093      
                   626  0.626000000000000000000000000000093      
                   627  0.627000000000000000000000000000093      
                   628  0.628000000000000000000000000000093      
                   629  0.629000000000000000000000000000093      
                   630  0.630000000000000000000000000000093      
                   631  0.631000000000000000000000000000094      
                   632  0.632000000000000000000000000000092      
                   633  0.633000000000000000000000000000093      
                   634  0.634000000000000000000000000000093      
                   635  0.635000000000000000000000000000094      
                   636  0.636000000000000000000000000000093      
                   637  0.637000000000000000000000000000094      
                   638  0.638000000000000000000000000000093      
                   639  0.639000000000000000000000000000094      
                   640  0.640000000000000000000000000000093      
                   641  0.641000000000000000000000000000094      
                   642  0.642000000000000000000000000000095      
                   643  0.643000000000000000000000000000094      
                   644  0.644000000000000000000000000000094      
                   645  0.645000000000000000000000000000095      
                   646  0.646000000000000000000000000000094      
                   647  0.647000000000000000000000000000095      
                   648  0.648000000000000000000000000000095      
                   649  0.649000000000000000000000000000094      
                   650  0.650000000000000000000000000000094      
                   651  0.651000000000000000000000000000094      
                   652  0.652000000000000000000000000000095      
                   653  0.653000000000000000000000000000095      
                   654  0.654000000000000000000000000000095      
                   655  0.655000000000000000000000000000094      
                   656  0.656000000000000000000000000000095      
                   657  0.657000000000000000000000000000094      
                   658  0.658000000000000000000000000000095      
                   659  0.659000000000000000000000000000094      
                   660  0.660000000000000000000000000000095      
                   661  0.661000000000000000000000000000095      
                   662  0.662000000000000000000000000000096      
                   663  0.663000000000000000000000000000095      
                   664  0.664000000000000000000000000000095      
                   665  0.665000000000000000000000000000096      
                   666  0.666000000000000000000000000000095      
                   667  0.667000000000000000000000000000096      
                   668  0.668000000000000000000000000000096      
                   669  0.669000000000000000000000000000096      
                   670  0.670000000000000000000000000000095      
                   671  0.671000000000000000000000000000097      
                   672  0.672000000000000000000000000000096      
                   673  0.673000000000000000000000000000096      
                   674  0.674000000000000000000000000000097      
                   675  0.675000000000000000000000000000096      
                   676  0.676000000000000000000000000000097      
                   677  0.677000000000000000000000000000097      
                   678  0.678000000000000000000000000000097      
                   679  0.679000000000000000000000000000097      
                   680  0.680000000000000000000000000000097      
                   681  0.681000000000000000000000000000097      
                   682  0.682000000000000000000000000000097      
                   683  0.683000000000000000000000000000097      
                   684  0.684000000000000000000000000000098      
                   685  0.685000000000000000000000000000097      
                   686  0.686000000000000000000000000000097      
                   687  0.687000000000000000000000000000096      
                   688  0.688000000000000000000000000000097      
                   689  0.689000000000000000000000000000097      
                   690  0.690000000000000000000000000000097      
                   691  0.691000000000000000000000000000097      
                   692  0.692000000000000000000000000000097      
                   693  0.693000000000000000000000000000098      
                   694  0.694000000000000000000000000000097      
                   695  0.695000000000000000000000000000098      
                   696  0.696000000000000000000000000000097      
                   697  0.697000000000000000000000000000098      
                   698  0.698000000000000000000000000000098      
                   699  0.699000000000000000000000000000097      
                   700  0.700000000000000000000000000000098      
                   701  0.701000000000000000000000000000098      
                   702  0.702000000000000000000000000000098      
                   703  0.703000000000000000000000000000098      
                   704  0.704000000000000000000000000000098      
                   705  0.705000000000000000000000000000098      
                   706  0.706000000000000000000000000000098      
                   707  0.707000000000000000000000000000098      
                   708  0.708000000000000000000000000000099      
                   709  0.709000000000000000000000000000098      
                   710  0.710000000000000000000000000000099      
                   711  0.711000000000000000000000000000099      
                   712  0.712000000000000000000000000000099      
                   713  0.713000000000000000000000000000098      
                   714  0.714000000000000000000000000000098      
                   715  0.715000000000000000000000000000098      
                   716  0.716000000000000000000000000000098      
                   717  0.717000000000000000000000000000098      
                   718  0.718000000000000000000000000000098      
                   719  0.719000000000000000000000000000098      
                   720  0.720000000000000000000000000000097      
                   721  0.721000000000000000000000000000097      
                   722  0.722000000000000000000000000000097      
                   723  0.723000000000000000000000000000098      
                   724  0.724000000000000000000000000000097      
                   725  0.725000000000000000000000000000097      
                   726  0.726000000000000000000000000000097      
                   727  0.727000000000000000000000000000097      
                   728  0.728000000000000000000000000000096      
                   729  0.729000000000000000000000000000096      
                   730  0.730000000000000000000000000000097      
                   731  0.731000000000000000000000000000096      
                   732  0.732000000000000000000000000000096      
                   733  0.733000000000000000000000000000095      
                   734  0.734000000000000000000000000000096      
                   735  0.735000000000000000000000000000096      
                   736  0.736000000000000000000000000000095      
                   737  0.737000000000000000000000000000095      
                   738  0.738000000000000000000000000000094      
                   739  0.739000000000000000000000000000095      
                   740  0.740000000000000000000000000000094      
                   741  0.741000000000000000000000000000094      
                   742  0.742000000000000000000000000000094      
                   743  0.743000000000000000000000000000093      
                   744  0.744000000000000000000000000000094      
                   745  0.745000000000000000000000000000092      
                   746  0.746000000000000000000000000000093      
                   747  0.747000000000000000000000000000092      
                   748  0.748000000000000000000000000000092      
                   749  0.749000000000000000000000000000092      
                   750  0.750000000000000000000000000000091      
                   751  0.751000000000000000000000000000092      
                   752  0.752000000000000000000000000000092      
                   753  0.753000000000000000000000000000092      
                   754  0.754000000000000000000000000000091      
                   755  0.755000000000000000000000000000090      
                   756  0.756000000000000000000000000000090      
                   757  0.757000000000000000000000000000090      
                   758  0.758000000000000000000000000000090      
                   759  0.759000000000000000000000000000090      
                   760  0.760000000000000000000000000000090      
                   761  0.761000000000000000000000000000091      
                   762  0.762000000000000000000000000000090      
                   763  0.763000000000000000000000000000090      
                   764  0.764000000000000000000000000000089      
                   765  0.765000000000000000000000000000089      
                   766  0.766000000000000000000000000000088      
                   767  0.767000000000000000000000000000088      
                   768  0.768000000000000000000000000000088      
                   769  0.769000000000000000000000000000088      
                   770  0.770000000000000000000000000000087      
                   771  0.771000000000000000000000000000087      
                   772  0.772000000000000000000000000000087      
                   773  0.773000000000000000000000000000087      
                   774  0.774000000000000000000000000000086      
                   775  0.775000000000000000000000000000087      
                   776  0.776000000000000000000000000000086      
                   777  0.777000000000000000000000000000086      
                   778  0.778000000000000000000000000000085      
                   779  0.779000000000000000000000000000085      
                   780  0.780000000000000000000000000000085      
                   781  0.781000000000000000000000000000083      
                   782  0.782000000000000000000000000000083      
                   783  0.783000000000000000000000000000083      
                   784  0.784000000000000000000000000000082      
                   785  0.785000000000000000000000000000082      
                   786  0.786000000000000000000000000000082      
                   787  0.787000000000000000000000000000082      
                   788  0.788000000000000000000000000000081      
                   789  0.789000000000000000000000000000081      
                   790  0.790000000000000000000000000000080      
                   791  0.791000000000000000000000000000081      
                   792  0.792000000000000000000000000000080      
                   793  0.793000000000000000000000000000080      
                   794  0.794000000000000000000000000000080      
                   795  0.795000000000000000000000000000079      
                   796  0.796000000000000000000000000000079      
                   797  0.797000000000000000000000000000079      
                   798  0.798000000000000000000000000000079      
                   799  0.799000000000000000000000000000078      
                   800  0.800000000000000000000000000000078      
                   801  0.801000000000000000000000000000077      
                   802  0.802000000000000000000000000000077      
                   803  0.803000000000000000000000000000077      
                   804  0.804000000000000000000000000000077      
                   805  0.805000000000000000000000000000076      
                   806  0.806000000000000000000000000000075      
                   807  0.807000000000000000000000000000076      
                   808  0.808000000000000000000000000000075      
                   809  0.809000000000000000000000000000074      
                   810  0.810000000000000000000000000000074      
                   811  0.811000000000000000000000000000075      
                   812  0.812000000000000000000000000000075      
                   813  0.813000000000000000000000000000073      
                   814  0.814000000000000000000000000000074      
                   815  0.815000000000000000000000000000073      
                   816  0.816000000000000000000000000000072      
                   817  0.817000000000000000000000000000071      
                   818  0.818000000000000000000000000000071      
                   819  0.819000000000000000000000000000071      
                   820  0.820000000000000000000000000000070      
                   821  0.821000000000000000000000000000070      
                   822  0.822000000000000000000000000000070      
                   823  0.823000000000000000000000000000069      
                   824  0.824000000000000000000000000000068      
                   825  0.825000000000000000000000000000068      
                   826  0.826000000000000000000000000000068      
                   827  0.827000000000000000000000000000067      
                   828  0.828000000000000000000000000000067      
                   829  0.829000000000000000000000000000067      
                   830  0.830000000000000000000000000000066      
                   831  0.831000000000000000000000000000066      
                   832  0.832000000000000000000000000000066      
                   833  0.833000000000000000000000000000066      
                   834  0.834000000000000000000000000000066      
                   835  0.835000000000000000000000000000064      
                   836  0.836000000000000000000000000000065      
                   837  0.837000000000000000000000000000065      
                   838  0.838000000000000000000000000000064      
                   839  0.839000000000000000000000000000063      
                   840  0.840000000000000000000000000000063      
                   841  0.841000000000000000000000000000062      
                   842  0.842000000000000000000000000000062      
                   843  0.843000000000000000000000000000062      
                   844  0.844000000000000000000000000000062      
                   845  0.845000000000000000000000000000062      
                   846  0.846000000000000000000000000000061      
                   847  0.847000000000000000000000000000061      
                   848  0.848000000000000000000000000000060      
                   849  0.849000000000000000000000000000061      
                   850  0.850000000000000000000000000000060      
                   851  0.851000000000000000000000000000061      
                   852  0.852000000000000000000000000000060      
                   853  0.853000000000000000000000000000059      
                   854  0.854000000000000000000000000000060      
                   855  0.855000000000000000000000000000059      
                   856  0.856000000000000000000000000000059      
                   857  0.857000000000000000000000000000058      
                   858  0.858000000000000000000000000000058      
                   859  0.859000000000000000000000000000058      
                   860  0.860000000000000000000000000000058      
                   861  0.861000000000000000000000000000058      
                   862  0.862000000000000000000000000000058      
                   863  0.863000000000000000000000000000058      
                   864  0.864000000000000000000000000000058      
                   865  0.865000000000000000000000000000058      
                   866  0.866000000000000000000000000000057      
                   867  0.867000000000000000000000000000057      
                   868  0.868000000000000000000000000000057      
                   869  0.869000000000000000000000000000056      
                   870  0.870000000000000000000000000000056      
                   871  0.871000000000000000000000000000057      
                   872  0.872000000000000000000000000000056      
                   873  0.873000000000000000000000000000056      
                   874  0.874000000000000000000000000000055      
                   875  0.875000000000000000000000000000055      
                   876  0.876000000000000000000000000000055      
                   877  0.877000000000000000000000000000055      
                   878  0.878000000000000000000000000000054      
                   879  0.879000000000000000000000000000054      
                   880  0.880000000000000000000000000000054      
                   881  0.881000000000000000000000000000053      
                   882  0.882000000000000000000000000000053      
                   883  0.883000000000000000000000000000052      
                   884  0.884000000000000000000000000000052      
                   885  0.885000000000000000000000000000052      
                   886  0.886000000000000000000000000000051      
                   887  0.887000000000000000000000000000051      
                   888  0.888000000000000000000000000000050      
                   889  0.889000000000000000000000000000050      
                   890  0.890000000000000000000000000000050      
                   891  0.891000000000000000000000000000049      
                   892  0.892000000000000000000000000000049      
                   893  0.893000000000000000000000000000048      
                   894  0.894000000000000000000000000000047      
                   895  0.895000000000000000000000000000047      
                   896  0.896000000000000000000000000000047      
                   897  0.897000000000000000000000000000046      
                   898  0.898000000000000000000000000000046      
                   899  0.899000000000000000000000000000045      
                   900  0.900000000000000000000000000000045      
                   901  0.901000000000000000000000000000044      
                   902  0.902000000000000000000000000000044      
                   903  0.903000000000000000000000000000043      
                   904  0.904000000000000000000000000000043      
                   905  0.905000000000000000000000000000042      
                   906  0.906000000000000000000000000000041      
                   907  0.907000000000000000000000000000041      
                   908  0.908000000000000000000000000000041      
                   909  0.909000000000000000000000000000040      
                   910  0.910000000000000000000000000000039      
                   911  0.911000000000000000000000000000039      
                   912  0.912000000000000000000000000000038      
                   913  0.913000000000000000000000000000038      
                   914  0.914000000000000000000000000000037      
                   915  0.915000000000000000000000000000037      
                   916  0.916000000000000000000000000000037      
                   917  0.917000000000000000000000000000036      
                   918  0.918000000000000000000000000000036      
                   919  0.919000000000000000000000000000035      
                   920  0.920000000000000000000000000000035      
                   921  0.921000000000000000000000000000035      
                   922  0.922000000000000000000000000000034      
                   923  0.923000000000000000000000000000034      
                   924  0.924000000000000000000000000000034      
                   925  0.925000000000000000000000000000033      
                   926  0.926000000000000000000000000000033      
                   927  0.927000000000000000000000000000033      
                   928  0.928000000000000000000000000000032      
                   929  0.929000000000000000000000000000032      
                   930  0.930000000000000000000000000000032      
                   931  0.931000000000000000000000000000031      
                   932  0.932000000000000000000000000000031      
                   933  0.933000000000000000000000000000031      
                   934  0.934000000000000000000000000000030      
                   935  0.935000000000000000000000000000030      
                   936  0.936000000000000000000000000000029      
                   937  0.937000000000000000000000000000029      
                   938  0.938000000000000000000000000000029      
                   939  0.939000000000000000000000000000028      
                   940  0.940000000000000000000000000000028      
                   941  0.941000000000000000000000000000027      
                   942  0.942000000000000000000000000000026      
                   943  0.943000000000000000000000000000026      
                   944  0.944000000000000000000000000000026      
                   945  0.945000000000000000000000000000025      
                   946  0.946000000000000000000000000000025      
                   947  0.947000000000000000000000000000024      
                   948  0.948000000000000000000000000000024      
                   949  0.949000000000000000000000000000024      
                   950  0.950000000000000000000000000000024      
                   951  0.951000000000000000000000000000023      
                   952  0.952000000000000000000000000000023      
                   953  0.953000000000000000000000000000022      
                   954  0.954000000000000000000000000000022      
                   955  0.955000000000000000000000000000021      
                   956  0.956000000000000000000000000000021      
                   957  0.957000000000000000000000000000020      
                   958  0.958000000000000000000000000000020      
                   959  0.959000000000000000000000000000020      
                   960  0.960000000000000000000000000000019      
                   961  0.961000000000000000000000000000018      
                   962  0.962000000000000000000000000000018      
                   963  0.963000000000000000000000000000018      
                   964  0.964000000000000000000000000000017      
                   965  0.965000000000000000000000000000016      
                   966  0.966000000000000000000000000000016      
                   967  0.967000000000000000000000000000016      
                   968  0.968000000000000000000000000000015      
                   969  0.969000000000000000000000000000015      
                   970  0.970000000000000000000000000000014      
                   971  0.971000000000000000000000000000014      
                   972  0.972000000000000000000000000000013      
                   973  0.973000000000000000000000000000013      
                   974  0.974000000000000000000000000000012      
                   975  0.975000000000000000000000000000012      
                   976  0.976000000000000000000000000000011      
                   977  0.977000000000000000000000000000011      
                   978  0.978000000000000000000000000000010      
                   979  0.979000000000000000000000000000010      
                   980  0.980000000000000000000000000000010      
                   981  0.981000000000000000000000000000009      
                   982  0.982000000000000000000000000000009      
                   983  0.983000000000000000000000000000008      
                   984  0.984000000000000000000000000000008      
                   985  0.985000000000000000000000000000007      
                   986  0.986000000000000000000000000000007      
                   987  0.987000000000000000000000000000006      
                   988  0.988000000000000000000000000000006      
                   989  0.989000000000000000000000000000005      
                   990  0.990000000000000000000000000000005      
                   991  0.991000000000000000000000000000004      
                   992  0.992000000000000000000000000000004      
                   993  0.993000000000000000000000000000004      
                   994  0.994000000000000000000000000000003      
                   995  0.995000000000000000000000000000003      
                   996  0.996000000000000000000000000000002      
                   997  0.997000000000000000000000000000002      
                   998  0.998000000000000000000000000000001      
                   999  0.999000000000000000000000000000001      
                  1000   1.00000000000000000000000000000000      
